lat, long, sos
42.5872993, -122.8139994, 5
42.5872993, -122.8139994, 6
42.5872993, -122.8139994, 1
42.5872993, -122.8139994, 6
42.5872993, -122.8139994, 10
42.5872993, -122.8139994, 17
42.5872993, -122.8139994, 5
42.5872993, -122.8139994, 2
42.5872993, -122.8139994, 6
42.5872993, -122.8139994, 17
42.5872993, -122.8139994, 9
42.5872993, -122.8139994, 1
42.5872993, -122.8139994, 14
42.5872993, -122.8139994, 8
42.5872993, -122.8139994, 6
42.5872993, -122.8139994, 5
42.5872993, -122.8139994, 3
42.5872993, -122.8139994, 2
42.5872993, -122.8139994, 12
42.5872993, -122.8139994, 10
42.5872993, -122.8139994, 10
42.5872993, -122.8139994, 2
42.5872993, -122.8139994, 5
42.5872993, -122.8139994, 1
42.5872993, -122.8139994, 14
42.5872993, -122.8139994, 33
42.5872993, -122.8139994, 8
42.5872993, -122.8139994, 6
42.5872993, -122.8139994, 0
42.5872993, -122.8139994, 18
42.5872993, -122.8139994, 5
42.5872993, -122.8139994, 3
42.5872993, -122.8139994, 3
42.5872993, -122.8139994, 4
42.5872993, -122.8139994, 4
42.5872993, -122.8139994, 5
42.5872993, -122.8139994, 8
42.5872993, -122.8139994, 14
42.5872993, -122.8139994, 2
42.5872993, -122.8139994, 5
42.5872993, -122.8139994, 11
42.5872993, -122.8139994, 10
42.5872993, -122.8139994, 8
42.5872993, -122.8139994, 2
42.5872993, -122.8139994, 13
42.5872993, -122.8139994, 9
42.5872993, -122.8139994, 5
42.5872993, -122.8139994, 1
42.5872993, -122.8139994, 5
42.5872993, -122.8139994, 3
42.5872993, -122.8139994, 3
42.5872993, -122.8139994, 1
42.5872993, -122.8139994, 1
42.5872993, -122.8139994, 1
42.5872993, -122.8139994, 1
42.5872993, -122.8139994, 6
42.5872993, -122.8139994, 6
42.5872993, -122.8139994, 2
42.5872993, -122.8139994, 18
42.5872993, -122.8139994, 9
42.5872993, -122.8139994, 2
42.5872993, -122.8139994, 2
42.5872993, -122.8139994, 10
42.5872993, -122.8139994, 1
42.5872993, -122.8139994, 2
42.5872993, -122.8139994, 2
42.5872993, -122.8139994, 11
42.5872993, -122.8139994, 9
42.5872993, -122.8139994, 10
42.5872993, -122.8139994, 4
42.5872993, -122.8139994, 11
42.5872993, -122.8139994, 9
42.5872993, -122.8139994, 6
42.5872993, -122.8139994, 9
42.5872993, -122.8139994, 11
42.5872993, -122.8139994, 17
42.5872993, -122.8139994, 6
42.5872993, -122.8139994, 18
42.5872993, -122.8139994, 1
42.5872993, -122.8139994, 5
42.5872993, -122.8139994, 6
42.5872993, -122.8139994, 9
42.5872993, -122.8139994, 26
42.5872993, -122.8139994, 6
42.5872993, -122.8139994, 6
42.5872993, -122.8139994, 6
42.5872993, -122.8139994, 5
42.5872993, -122.8139994, 0
42.5872993, -122.8139994, 5
42.5872993, -122.8139994, 2
42.5872993, -122.8139994, 5
42.5872993, -122.8139994, 0
42.5872993, -122.8139994, 14
42.5872993, -122.8139994, 4
42.5872993, -122.8139994, 5
42.5872993, -122.8139994, 5
42.5872993, -122.8139994, 0
42.5872993, -122.8139994, 3
42.5872993, -122.8139994, 3
42.5872993, -122.8139994, 9
42.5872993, -122.8139994, 18
42.5872993, -122.8139994, 5
42.5872993, -122.8139994, 0
42.5872993, -122.8139994, 5
42.5872993, -122.8139994, 2
42.5872993, -122.8139994, 6
42.5872993, -122.8139994, 2
42.5872993, -122.8139994, 9
42.5872993, -122.8139994, 1
42.5872993, -122.8139994, 1
42.5872993, -122.8139994, 4
42.5872993, -122.8139994, 1
42.5872993, -122.8139994, 8
42.5872993, -122.8139994, 2
42.5872993, -122.8139994, 5
42.5872993, -122.8139994, 2
42.5872993, -122.8139994, 14
42.5872993, -122.8139994, 10
42.5872993, -122.8139994, 12
42.5872993, -122.8139994, 9
42.5872993, -122.8139994, 10
42.5872993, -122.8139994, 8
42.5872993, -122.8139994, 5
42.5872993, -122.8139994, 5
42.5872993, -122.8139994, 10
42.5872993, -122.8139994, 8
42.5872993, -122.8139994, 9
42.5872993, -122.8139994, 5
42.5872993, -122.8139994, 2
42.5872993, -122.8139994, 6
42.5872993, -122.8139994, 9
42.5872993, -122.8139994, 9
42.5872993, -122.8139994, 5
42.5872993, -122.8139994, 5
42.5872993, -122.8139994, 1
42.5872993, -122.8139994, 10
42.5872993, -122.8139994, 4
42.5872993, -122.8139994, 1
42.5872993, -122.8139994, 6
42.5872993, -122.8139994, 1
42.5872993, -122.8139994, 6
42.5872993, -122.8139994, 5
42.5872993, -122.8139994, 9
42.5872993, -122.8139994, 13
42.5872993, -122.8139994, 4
42.5872993, -122.8139994, 10
42.5872993, -122.8139994, 13
42.5872993, -122.8139994, 11
42.5872993, -122.8139994, 10
42.5872993, -122.8139994, 18
42.5872993, -122.8139994, 14
42.5872993, -122.8139994, 21
42.5872993, -122.8139994, 10
42.5872993, -122.8139994, 2
42.5872993, -122.8139994, 18
42.5872993, -122.8139994, 26
42.5872993, -122.8139994, 6
42.5872993, -122.8139994, 1
42.5872993, -122.8139994, 4
42.5872993, -122.8139994, 1
42.5872993, -122.8139994, 9
42.5872993, -122.8139994, 1
42.5872993, -122.8139994, 21
42.5872993, -122.8139994, 14
42.5872993, -122.8139994, 3
42.5872993, -122.8139994, 1
42.5872993, -122.8139994, 2
42.5872993, -122.8139994, 2
42.5872993, -122.8139994, 3
42.5872993, -122.8139994, 2
42.5872993, -122.8139994, 1
42.5872993, -122.8139994, 1
42.5872993, -122.8139994, 4
42.5872993, -122.8139994, 6
42.5872993, -122.8139994, 9
42.5872993, -122.8139994, 0
42.5872993, -122.8139994, 11
42.5872993, -122.8139994, 8
42.5872993, -122.8139994, 18
42.5872993, -122.8139994, 9
42.5872993, -122.8139994, 41
42.5872993, -122.8139994, 17
42.5872993, -122.8139994, 2
42.5872993, -122.8139994, 5
42.5872993, -122.8139994, 5
42.5872993, -122.8139994, 2
42.5872993, -122.8139994, 2
42.5872993, -122.8139994, 11
42.5872993, -122.8139994, 4
42.5872993, -122.8139994, 13
42.5872993, -122.8139994, 8
42.5872993, -122.8139994, 1
42.5872993, -122.8139994, 5
42.5872993, -122.8139994, 2
42.5872993, -122.8139994, 5
42.5872993, -122.8139994, 9
42.5872993, -122.8139994, 2
42.5872993, -122.8139994, 5
42.5872993, -122.8139994, 6
42.5872993, -122.8139994, 1
42.5872993, -122.8139994, 2
42.5872993, -122.8139994, 17
42.5872993, -122.8139994, 17
42.5872993, -122.8139994, 1
42.5872993, -122.8139994, 2
42.5872993, -122.8139994, 2
42.5872993, -122.8139994, 6
42.5872993, -122.8139994, 9
42.5872993, -122.8139994, 4
42.5872993, -122.8139994, 5
42.5872993, -122.8139994, 5
42.5872993, -122.8139994, 20
42.5872993, -122.8139994, 18
42.5872993, -122.8139994, 1
42.5872993, -122.8139994, 2
42.5872993, -122.8139994, 1
42.5872993, -122.8139994, 17
42.5872993, -122.8139994, 9
42.5872993, -122.8139994, 5
42.5872993, -122.8139994, 5
42.5872993, -122.8139994, 2
42.5872993, -122.8139994, 1
42.5872993, -122.8139994, 6
42.5872993, -122.8139994, 5
42.5872993, -122.8139994, 13
42.5872993, -122.8139994, 5
42.5872993, -122.8139994, 21
42.5872993, -122.8139994, 8
42.5872993, -122.8139994, 6
42.5872993, -122.8139994, 17
42.5872993, -122.8139994, 9
42.5872993, -122.8139994, 2
42.5872993, -122.8139994, 2
42.5872993, -122.8139994, 6
42.5872993, -122.8139994, 9
42.5872993, -122.8139994, 9
42.5872993, -122.8139994, 10
42.5872993, -122.8139994, 2
42.5872993, -122.8139994, 2
42.5872993, -122.8139994, 1
42.5872993, -122.8139994, 6
42.5872993, -122.8139994, 3
42.5872993, -122.8139994, 10
42.5872993, -122.8139994, 9
42.5872993, -122.8139994, 26
42.5872993, -122.8139994, 5
42.5872993, -122.8139994, 5
42.5872993, -122.8139994, 5
42.5872993, -122.8139994, 13
42.5872993, -122.8139994, 9
42.5872993, -122.8139994, 6
42.5872993, -122.8139994, 4
42.5872993, -122.8139994, 5
42.5872993, -122.8139994, 2
42.5872993, -122.8139994, 2
42.5872993, -122.8139994, 13
42.5872993, -122.8139994, 2
42.5873482, -122.8138129, 2
42.5873482, -122.8138129, 2
42.5873482, -122.8138129, 18
42.5873482, -122.8138129, 9
42.5873482, -122.8138129, 5
42.5873482, -122.8138129, 2
42.5873482, -122.8138129, 5
42.5873482, -122.8138129, 5
42.5873482, -122.8138129, 2
42.5873482, -122.8138129, 3
42.5873482, -122.8138129, 1
42.5873482, -122.8138129, 8
42.5873482, -122.8138129, 18
42.5873482, -122.8138129, 17
42.5873482, -122.8138129, 2
42.5873482, -122.8138129, 1
42.5873482, -122.8138129, 6
42.5873482, -122.8138129, 20
42.5873482, -122.8138129, 17
42.5873482, -122.8138129, 3
42.5873482, -122.8138129, 8
42.5873482, -122.8138129, 9
42.5873482, -122.8138129, 13
42.5873482, -122.8138129, 2
42.5873482, -122.8138129, 9
42.5873482, -122.8138129, 5
42.5873482, -122.8138129, 1
42.5873482, -122.8138129, 9
42.5873482, -122.8138129, 13
42.5873482, -122.8138129, 1
42.5873482, -122.8138129, 1
42.5873482, -122.8138129, 12
42.5873482, -122.8138129, 5
42.5873482, -122.8138129, 2
42.5873482, -122.8138129, 2
42.5873482, -122.8138129, 21
42.5873482, -122.8138129, 17
42.5873482, -122.8138129, 2
42.5873482, -122.8138129, 6
42.5873482, -122.8138129, 2
42.5873482, -122.8138129, 2
42.5873482, -122.8138129, 1
42.5873482, -122.8138129, 3
42.5873482, -122.8138129, 3
42.5873482, -122.8138129, 6
42.5873482, -122.8138129, 1
42.5873482, -122.8138129, 6
42.5873482, -122.8138129, 12
42.5873482, -122.8138129, 2
42.5873482, -122.8138129, 1
42.5873482, -122.8138129, 8
42.5873482, -122.8138129, 14
42.5873482, -122.8138129, 5
42.5873482, -122.8138129, 1
42.5873482, -122.8138129, 1
42.5873482, -122.8138129, 6
42.5873482, -122.8138129, 6
42.5873482, -122.8138129, 6
42.5873482, -122.8138129, 5
42.5873482, -122.8138129, 6
42.5873482, -122.8138129, 2
42.5873482, -122.8138129, 6
42.5873482, -122.8138129, 6
42.5873482, -122.8138129, 1
42.5873482, -122.8138129, 3
42.5873482, -122.8138129, 9
42.5873482, -122.8138129, 10
42.5873482, -122.8138129, 13
42.5873482, -122.8138129, 10
42.5873482, -122.8138129, 13
42.5873482, -122.8138129, 5
42.5873482, -122.8138129, 1
42.5873482, -122.8138129, 6
42.5873482, -122.8138129, 6
42.5873482, -122.8138129, 5
42.5873482, -122.8138129, 0
42.5873482, -122.8138129, 10
42.5873482, -122.8138129, 11
42.5873482, -122.8138129, 3
42.5873482, -122.8138129, 3
42.5873482, -122.8138129, 6
42.5873482, -122.8138129, 14
42.5873482, -122.8138129, 6
42.5873482, -122.8138129, 0
42.5873482, -122.8138129, 10
42.5873482, -122.8138129, 29
42.5873482, -122.8138129, 9
42.5873482, -122.8138129, 10
42.5873482, -122.8138129, 5
42.5873482, -122.8138129, 10
42.5873482, -122.8138129, 16
42.5873482, -122.8138129, 3
42.5873482, -122.8138129, 3
42.5873482, -122.8138129, 10
42.5873482, -122.8138129, 3
42.5873482, -122.8138129, 6
42.5873482, -122.8138129, 9
42.5873482, -122.8138129, 13
42.5873482, -122.8138129, 9
42.5873482, -122.8138129, 1
42.5873482, -122.8138129, 2
42.5873482, -122.8138129, 10
42.5873482, -122.8138129, 25
42.5873482, -122.8138129, 27
42.5873482, -122.8138129, 13
42.5873482, -122.8138129, 10
42.5873482, -122.8138129, 6
42.5873482, -122.8138129, 2
42.5873482, -122.8138129, 5
42.5873482, -122.8138129, 18
42.5873482, -122.8138129, 37
42.5873482, -122.8138129, 17
42.5873482, -122.8138129, 3
42.5873482, -122.8138129, 5
42.5873482, -122.8138129, 9
42.5873482, -122.8138129, 25
42.5873482, -122.8138129, 2
42.5873482, -122.8138129, 6
42.5873482, -122.8138129, 10
42.5873482, -122.8138129, 18
42.5873482, -122.8138129, 11
42.5873482, -122.8138129, 18
42.5873482, -122.8138129, 18
42.5873482, -122.8138129, 11
42.5873482, -122.8138129, 8
42.5873482, -122.8138129, 14
42.5873482, -122.8138129, 9
42.5873482, -122.8138129, 29
42.5873482, -122.8138129, 11
42.5873482, -122.8138129, 14
42.5873482, -122.8138129, 5
42.5873482, -122.8138129, 2
42.5873482, -122.8138129, 1
42.5873482, -122.8138129, 1
42.5873482, -122.8138129, 5
42.5873482, -122.8138129, 5
42.5873482, -122.8138129, 9
42.5873482, -122.8138129, 11
42.5873482, -122.8138129, 3
42.5873482, -122.8138129, 5
42.5873482, -122.8138129, 2
42.5873482, -122.8138129, 2
42.5873482, -122.8138129, 6
42.5873482, -122.8138129, 4
42.5873482, -122.8138129, 5
42.5873482, -122.8138129, 5
42.5873482, -122.8138129, 5
42.5873482, -122.8138129, 6
42.5873482, -122.8138129, 5
42.5873482, -122.8138129, 3
42.5873482, -122.8138129, 2
42.5873482, -122.8138129, 14
42.5873482, -122.8138129, 2
42.5873482, -122.8138129, 5
42.5873482, -122.8138129, 2
42.5873482, -122.8138129, 13
42.5873482, -122.8138129, 5
42.5873482, -122.8138129, 9
42.5873482, -122.8138129, 6
42.5873482, -122.8138129, 19
42.5873482, -122.8138129, 20
42.5873482, -122.8138129, 6
42.5873482, -122.8138129, 3
42.5873482, -122.8138129, 17
42.5873507, -122.8136753, 21
42.5873507, -122.8136753, 19
42.5873507, -122.8136753, 2
42.5873507, -122.8136753, 1
42.5873507, -122.8136753, 13
42.5873507, -122.8136753, 4
42.5873507, -122.8136753, 1
42.5873507, -122.8136753, 8
42.5873507, -122.8136753, 8
42.5873507, -122.8136753, 10
42.5873507, -122.8136753, 14
42.5873507, -122.8136753, 17
42.5873507, -122.8136753, 5
42.5873507, -122.8136753, 2
42.5873507, -122.8136753, 1
42.5873507, -122.8136753, 9
42.5873507, -122.8136753, 2
42.5873507, -122.8136753, 1
42.5873507, -122.8136753, 3
42.5873507, -122.8136753, 5
42.5873507, -122.8136753, 10
42.5873507, -122.8136753, 11
42.5873507, -122.8136753, 3
42.5873507, -122.8136753, 1
42.5873507, -122.8136753, 5
42.5873507, -122.8136753, 1
42.5873507, -122.8136753, 10
42.5873507, -122.8136753, 6
42.5873507, -122.8136753, 17
42.5873507, -122.8136753, 2
42.5873507, -122.8136753, 5
42.5873507, -122.8136753, 10
42.5873507, -122.8136753, 11
42.5873507, -122.8136753, 17
42.5873507, -122.8136753, 6
42.5873507, -122.8136753, 11
42.5873507, -122.8136753, 6
42.5873507, -122.8136753, 10
42.5873507, -122.8136753, 1
42.5873507, -122.8136753, 2
42.5873507, -122.8136753, 2
42.5873507, -122.8136753, 14
42.5873507, -122.8136753, 4
42.5873507, -122.8136753, 2
42.5873507, -122.8136753, 6
42.5873507, -122.8136753, 6
42.5873507, -122.8136753, 6
42.5873507, -122.8136753, 11
42.5873507, -122.8136753, 5
42.5873507, -122.8136753, 5
42.5873507, -122.8136753, 5
42.5873507, -122.8136753, 9
42.5873507, -122.8136753, 2
42.5873507, -122.8136753, 3
42.5873507, -122.8136753, 5
42.5873507, -122.8136753, 8
42.5873507, -122.8136753, 2
42.5873507, -122.8136753, 5
42.5873507, -122.8136753, 2
42.5873507, -122.8136753, 3
42.5873507, -122.8136753, 1
42.5873507, -122.8136753, 8
42.5873507, -122.8136753, 9
42.5873507, -122.8136753, 4
42.5873507, -122.8136753, 17
42.5873507, -122.8136753, 16
42.5873507, -122.8136753, 2
42.5873507, -122.8136753, 4
42.5873507, -122.8136753, 5
42.5873507, -122.8136753, 5
42.5873507, -122.8136753, 14
42.5873507, -122.8136753, 5
42.5873507, -122.8136753, 1
42.5873507, -122.8136753, 4
42.5873507, -122.8136753, 2
42.5873507, -122.8136753, 5
42.5873507, -122.8136753, 5
42.5873507, -122.8136753, 3
42.5873507, -122.8136753, 3
42.5873507, -122.8136753, 1
42.5873507, -122.8136753, 2
42.5873507, -122.8136753, 9
42.5873507, -122.8136753, 2
42.5873507, -122.8136753, 10
42.5873507, -122.8136753, 2
42.5873507, -122.8136753, 3
42.5873507, -122.8136753, 17
42.5873507, -122.8136753, 2
42.5873507, -122.8136753, 6
42.5873507, -122.8136753, 2
42.5873507, -122.8136753, 1
42.5873507, -122.8136753, 1
42.5873507, -122.8136753, 5
42.5873507, -122.8136753, 5
42.5873507, -122.8136753, 4
42.5873507, -122.8136753, 14
42.5873507, -122.8136753, 2
42.5873507, -122.8136753, 5
42.5873507, -122.8136753, 2
42.5873507, -122.8136753, 2
42.5873507, -122.8136753, 4
42.5873507, -122.8136753, 9
42.5873507, -122.8136753, 10
42.5873507, -122.8136753, 20
42.5873507, -122.8136753, 14
42.5873507, -122.8136753, 1
42.5873507, -122.8136753, 4
42.5873507, -122.8136753, 3
42.5873507, -122.8136753, 1
42.5873507, -122.8136753, 5
42.5873507, -122.8136753, 2
42.5873507, -122.8136753, 2
42.5873507, -122.8136753, 6
42.5873507, -122.8136753, 0
42.5873507, -122.8136753, 10
42.5873507, -122.8136753, 3
42.5873507, -122.8136753, 14
42.5873507, -122.8136753, 4
42.5873507, -122.8136753, 2
42.5873507, -122.8136753, 1
42.5873507, -122.8136753, 10
42.5873507, -122.8136753, 4
42.5873507, -122.8136753, 3
42.5873507, -122.8136753, 9
42.5873507, -122.8136753, 3
42.5873507, -122.8136753, 5
42.5873507, -122.8136753, 3
42.5873507, -122.8136753, 0
42.5873507, -122.8136753, 5
42.5873507, -122.8136753, 18
42.5873507, -122.8136753, 5
42.5873507, -122.8136753, 9
42.5873507, -122.8136753, 2
42.5873507, -122.8136753, 2
42.5873507, -122.8136753, 1
42.5873507, -122.8136753, 18
42.5873507, -122.8136753, 17
42.5873507, -122.8136753, 5
42.5873507, -122.8136753, 9
42.5873507, -122.8136753, 2
42.5873507, -122.8136753, 2
42.5873507, -122.8136753, 3
42.5873507, -122.8136753, 5
42.5873507, -122.8136753, 12
LAT_DD, LONG_DD, sos
0.0000000, 0.0000000, 6034
42.5874213, -122.8137058, 11
42.5874213, -122.8137058, 3
42.5874213, -122.8137058, 41
42.5874213, -122.8137058, 25
42.5874213, -122.8137058, 5
42.5874213, -122.8137058, 10
42.5874213, -122.8137058, 5
42.5874213, -122.8137058, 4
42.5874213, -122.8137058, 18
42.5874213, -122.8137058, 5
42.5874213, -122.8137058, 20
42.5874213, -122.8137058, 6
42.5874213, -122.8137058, 1
42.5874213, -122.8137058, 0
42.5874213, -122.8137058, 6
42.5874213, -122.8137058, 21
42.5874213, -122.8137058, 17
42.5874213, -122.8137058, 1
42.5874213, -122.8137058, 5
42.5874213, -122.8137058, 10
42.5874213, -122.8137058, 11
42.5874213, -122.8137058, 4
42.5874213, -122.8137058, 6
42.5874213, -122.8137058, 14
42.5874213, -122.8137058, 2
42.5874213, -122.8137058, 11
42.5874213, -122.8137058, 2
42.5874213, -122.8137058, 3
42.5874213, -122.8137058, 2
42.5874213, -122.8137058, 10
42.5874213, -122.8137058, 5
42.5874213, -122.8137058, 5
42.5874213, -122.8137058, 2
42.5874213, -122.8137058, 20
42.5874213, -122.8137058, 6
42.5874213, -122.8137058, 13
42.5874213, -122.8137058, 0
42.5874213, -122.8137058, 5
42.5874213, -122.8137058, 2
42.5874213, -122.8137058, 13
42.5874213, -122.8137058, 6
42.5874213, -122.8137058, 1
42.5874213, -122.8137058, 3
42.5874213, -122.8137058, 1
42.5874213, -122.8137058, 10
42.5874213, -122.8137058, 9
42.5874213, -122.8137058, 10
42.5874213, -122.8137058, 1
42.5874213, -122.8137058, 6
42.5874213, -122.8137058, 3
42.5874213, -122.8137058, 14
42.5874213, -122.8137058, 2
42.5874213, -122.8137058, 18
42.5874213, -122.8137058, 2
42.5874213, -122.8137058, 2
42.5874213, -122.8137058, 11
42.5874213, -122.8137058, 5
42.5874213, -122.8137058, 26
42.5874213, -122.8137058, 29
42.5874213, -122.8137058, 11
42.5874213, -122.8137058, 6
42.5874213, -122.8137058, 11
42.5874213, -122.8137058, 14
42.5874213, -122.8137058, 10
42.5874213, -122.8137058, 11
42.5874213, -122.8137058, 6
42.5874213, -122.8137058, 10
42.5874213, -122.8137058, 8
42.5874213, -122.8137058, 2
42.5874213, -122.8137058, 1
42.5874213, -122.8137058, 1
42.5874213, -122.8137058, 5
42.5874213, -122.8137058, 4
42.5874213, -122.8137058, 13
42.5874213, -122.8137058, 10
42.5874213, -122.8137058, 4
42.5874213, -122.8137058, 13
42.5874213, -122.8137058, 5
42.5874213, -122.8137058, 11
42.5874213, -122.8137058, 20
42.5874213, -122.8137058, 5
42.5874213, -122.8137058, 14
42.5874213, -122.8137058, 2
42.5874213, -122.8137058, 38
42.5874213, -122.8137058, 3
42.5874213, -122.8137058, 3
42.5874213, -122.8137058, 2
42.5874213, -122.8137058, 13
42.5874213, -122.8137058, 10
42.5874213, -122.8137058, 17
42.5874213, -122.8137058, 4
42.5874213, -122.8137058, 2
42.5874213, -122.8137058, 1
42.5874213, -122.8137058, 6
42.5874213, -122.8137058, 19
42.5874213, -122.8137058, 20
42.5874213, -122.8137058, 6
42.5874213, -122.8137058, 2
42.5874213, -122.8137058, 1
42.5874213, -122.8137058, 25
42.5874213, -122.8137058, 1
42.5874213, -122.8137058, 11
42.5874213, -122.8137058, 5
42.5874213, -122.8137058, 30
42.5874213, -122.8137058, 2
42.5874213, -122.8137058, 14
42.5874213, -122.8137058, 6
42.5874213, -122.8137058, 3
42.5874213, -122.8137058, 2
42.5874213, -122.8137058, 17
42.5874213, -122.8137058, 6
42.5874213, -122.8137058, 10
42.5874213, -122.8137058, 9
42.5874213, -122.8137058, 5
42.5874213, -122.8137058, 5
42.5874213, -122.8137058, 9
42.5874213, -122.8137058, 3
42.5874213, -122.8137058, 6
42.5874213, -122.8137058, 5
42.5874213, -122.8137058, 11
42.5874213, -122.8137058, 5
42.5874213, -122.8137058, 1
42.5874213, -122.8137058, 11
42.5874213, -122.8137058, 14
42.5874213, -122.8137058, 6
42.5874213, -122.8137058, 0
42.5874213, -122.8137058, 4
42.5874213, -122.8137058, 6
42.5874213, -122.8137058, 14
42.5874213, -122.8137058, 2
42.5874213, -122.8137058, 5
42.5874213, -122.8137058, 20
42.5874213, -122.8137058, 1
42.5874213, -122.8137058, 10
42.5874213, -122.8137058, 5
42.5874213, -122.8137058, 3
42.5874213, -122.8137058, 3
42.5874213, -122.8137058, 11
42.5874213, -122.8137058, 5
42.5874213, -122.8137058, 2
42.5874213, -122.8137058, 18
42.5874213, -122.8137058, 10
42.5874213, -122.8137058, 11
42.5874213, -122.8137058, 8
42.5874213, -122.8137058, 6
42.5874213, -122.8137058, 13
42.5874213, -122.8137058, 3
42.5874213, -122.8137058, 1
42.5874213, -122.8137058, 20
42.5874213, -122.8137058, 1
42.5874213, -122.8137058, 17
42.5874213, -122.8137058, 2
42.5874213, -122.8137058, 4
42.5874213, -122.8137058, 9
42.5874213, -122.8137058, 9
42.5874213, -122.8137058, 21
42.5874213, -122.8137058, 3
42.5874213, -122.8137058, 1
42.5874213, -122.8137058, 5
42.5874213, -122.8137058, 4
42.5874213, -122.8137058, 21
42.5874213, -122.8137058, 21
42.5874213, -122.8137058, 14
42.5874213, -122.8137058, 1
42.5874213, -122.8137058, 2
42.5874213, -122.8137058, 13
42.5874213, -122.8137058, 4
42.5874021, -122.8136310, 157
42.5874021, -122.8136310, 6
42.5874021, -122.8136310, 3
42.5874021, -122.8136310, 11
42.5874021, -122.8136310, 9
42.5874021, -122.8136310, 4
42.5874021, -122.8136310, 4
42.5874021, -122.8136310, 1
42.5874021, -122.8136310, 5
42.5874021, -122.8136310, 14
42.5874021, -122.8136310, 0
42.5874021, -122.8136310, 4
42.5874021, -122.8136310, 11
42.5874021, -122.8136310, 18
42.5874021, -122.8136310, 3
42.5874021, -122.8136310, 4
42.5874021, -122.8136310, 2
42.5874021, -122.8136310, 6
42.5874021, -122.8136310, 2
42.5874021, -122.8136310, 14
42.5874021, -122.8136310, 4
42.5873898, -122.8136433, 18
42.5873898, -122.8136433, 1
42.5873898, -122.8136433, 2
42.5873898, -122.8136433, 1
42.5873898, -122.8136433, 10
42.5873898, -122.8136433, 2
42.5873898, -122.8136433, 4
42.5873898, -122.8136433, 10
42.5873898, -122.8136433, 5
42.5873898, -122.8136433, 9
42.5873898, -122.8136433, 0
42.5873898, -122.8136433, 6
42.5873898, -122.8136433, 6
42.5873898, -122.8136433, 9
42.5873898, -122.8136433, 2
42.5873898, -122.8136433, 11
42.5873898, -122.8136433, 6
42.5873898, -122.8136433, 17
42.5873898, -122.8136433, 2
42.5873898, -122.8136433, 25
42.5873898, -122.8136433, 3
42.5873759, -122.8136556, 65
42.5873759, -122.8136556, 16
42.5873759, -122.8136556, 5
42.5873759, -122.8136556, 6
42.5873759, -122.8136556, 4
42.5873759, -122.8136556, 6
42.5873759, -122.8136556, 9
42.5873682, -122.8136607, 17
42.5873682, -122.8136607, 5
42.5873682, -122.8136607, 2
42.5873682, -122.8136607, 2
42.5873682, -122.8136607, 9
42.5873682, -122.8136607, 6
42.5873682, -122.8136607, 11
42.5873682, -122.8136607, 14
42.5873682, -122.8136607, 11
42.5873682, -122.8136607, 1
42.5873682, -122.8136607, 2
42.5873682, -122.8136607, 5
42.5873682, -122.8136607, 9
42.5873682, -122.8136607, 25
42.5873682, -122.8136607, 21
42.5873682, -122.8136607, 0
42.5873682, -122.8136607, 2
42.5873682, -122.8136607, 1
42.5873682, -122.8136607, 5
42.5873682, -122.8136607, 3
42.5873682, -122.8136607, 9
42.5873682, -122.8136607, 2
42.5873682, -122.8136607, 12
42.5873682, -122.8136607, 6
42.5873682, -122.8136607, 10
42.5873682, -122.8136607, 3
42.5873682, -122.8136607, 26
42.5873682, -122.8136607, 5
42.5873682, -122.8136607, 2
42.5873682, -122.8136607, 9
42.5873682, -122.8136607, 1
42.5873682, -122.8136607, 8
42.5873682, -122.8136607, 2
42.5873682, -122.8136607, 5
42.5873682, -122.8136607, 26
42.5873682, -122.8136607, 6
42.5873682, -122.8136607, 25
42.5873682, -122.8136607, 2
42.5873682, -122.8136607, 8
42.5873682, -122.8136607, 26
42.5873682, -122.8136607, 12
42.5873682, -122.8136607, 10
42.5873682, -122.8136607, 2
42.5873682, -122.8136607, 2
42.5873682, -122.8136607, 26
42.5873682, -122.8136607, 6
42.5873682, -122.8136607, 51
42.5873682, -122.8136607, 6
42.5873682, -122.8136607, 29
42.5873682, -122.8136607, 4
42.5873682, -122.8136607, 10
42.5873682, -122.8136607, 27
42.5873682, -122.8136607, 5
42.5873682, -122.8136607, 20
42.5873682, -122.8136607, 11
42.5873682, -122.8136607, 59
42.5873682, -122.8136607, 5
42.5873682, -122.8136607, 65
42.5873682, -122.8136607, 8
42.5873682, -122.8136607, 69
42.5873682, -122.8136607, 6
42.5873682, -122.8136607, 34
42.5873682, -122.8136607, 5
42.5873682, -122.8136607, 13
42.5873682, -122.8136607, 2
42.5873682, -122.8136607, 6
42.5873682, -122.8136607, 2
42.5873682, -122.8136607, 2
42.5873682, -122.8136607, 6
42.5873682, -122.8136607, 1
42.5873682, -122.8136607, 6
42.5873682, -122.8136607, 4
42.5873682, -122.8136607, 5
42.5873682, -122.8136607, 10
42.5873682, -122.8136607, 26
42.5873682, -122.8136607, 2
42.5873682, -122.8136607, 6
42.5873682, -122.8136607, 2
42.5873682, -122.8136607, 1
42.5873682, -122.8136607, 9
42.5873682, -122.8136607, 11
42.5873682, -122.8136607, 16
42.5873682, -122.8136607, 51
42.5873682, -122.8136607, 14
42.5873682, -122.8136607, 10
42.5873682, -122.8136607, 5
42.5873682, -122.8136607, 6
42.5873682, -122.8136607, 4
42.5873682, -122.8136607, 14
42.5873682, -122.8136607, 6
42.5873682, -122.8136607, 5
42.5873682, -122.8136607, 1
42.5873682, -122.8136607, 9
42.5873682, -122.8136607, 17
42.5873682, -122.8136607, 6
42.5873682, -122.8136607, 9
42.5873682, -122.8136607, 6
42.5873682, -122.8136607, 5
42.5873682, -122.8136607, 1
42.5873682, -122.8136607, 1
42.5873682, -122.8136607, 1
42.5873682, -122.8136607, 24
42.5873682, -122.8136607, 2
42.5873682, -122.8136607, 6
42.5873349, -122.8137021, 19
42.5873349, -122.8137021, 3
42.5873349, -122.8137021, 1
42.5873349, -122.8137021, 3
42.5873349, -122.8137021, 29
42.5873349, -122.8137021, 25
42.5873349, -122.8137021, 3
42.5873349, -122.8137021, 14
42.5873349, -122.8137021, 3
42.5873349, -122.8137021, 2
42.5873349, -122.8137021, 1
42.5873349, -122.8137021, 11
42.5873349, -122.8137021, 4
42.5873349, -122.8137021, 5
42.5873349, -122.8137021, 9
42.5873349, -122.8137021, 3
42.5873349, -122.8137021, 2
42.5873275, -122.8137123, 35
42.5873275, -122.8137123, 3
42.5873275, -122.8137123, 2
42.5873275, -122.8137123, 25
42.5873275, -122.8137123, 5
42.5873275, -122.8137123, 6
42.5873275, -122.8137123, 6
42.5873275, -122.8137123, 2
42.5873275, -122.8137123, 2
42.5873275, -122.8137123, 6
42.5873275, -122.8137123, 3
42.5873275, -122.8137123, 2
42.5873275, -122.8137123, 8
42.5873275, -122.8137123, 5
42.5873275, -122.8137123, 2
42.5873275, -122.8137123, 2
42.5873275, -122.8137123, 2
42.5873275, -122.8137123, 2
42.5873275, -122.8137123, 9
42.5873275, -122.8137123, 9
42.5873275, -122.8137123, 3
42.5873275, -122.8137123, 41
42.5873275, -122.8137123, 5
42.5873275, -122.8137123, 5
42.5873275, -122.8137123, 2
42.5873275, -122.8137123, 26
42.5873275, -122.8137123, 5
42.5873275, -122.8137123, 2
42.5873275, -122.8137123, 8
42.5873275, -122.8137123, 5
42.5873275, -122.8137123, 2
42.5873275, -122.8137123, 1
42.5873275, -122.8137123, 3
42.5873275, -122.8137123, 1
42.5873275, -122.8137123, 6
42.5873275, -122.8137123, 6
42.5873275, -122.8137123, 5
42.5873275, -122.8137123, 2
42.5873275, -122.8137123, 4
42.5873275, -122.8137123, 6
42.5873275, -122.8137123, 1
42.5873275, -122.8137123, 1
42.5873275, -122.8137123, 6
42.5873275, -122.8137123, 10
42.5873275, -122.8137123, 11
42.5873275, -122.8137123, 14
42.5873275, -122.8137123, 29
42.5873275, -122.8137123, 9
42.5873275, -122.8137123, 1
42.5873275, -122.8137123, 3
42.5873275, -122.8137123, 9
42.5873275, -122.8137123, 8
42.5873275, -122.8137123, 4
42.5873275, -122.8137123, 5
42.5873275, -122.8137123, 3
42.5873275, -122.8137123, 11
42.5873275, -122.8137123, 9
42.5873275, -122.8137123, 3
42.5873275, -122.8137123, 6
42.5873275, -122.8137123, 6
42.5873275, -122.8137123, 1
42.5873275, -122.8137123, 3
42.5873275, -122.8137123, 8
42.5873275, -122.8137123, 4
42.5873275, -122.8137123, 13
42.5873275, -122.8137123, 9
42.5873275, -122.8137123, 13
42.5873275, -122.8137123, 1
42.5873275, -122.8137123, 10
42.5873275, -122.8137123, 17
42.5873275, -122.8137123, 5
42.5873275, -122.8137123, 8
42.5873275, -122.8137123, 2
42.5873275, -122.8137123, 1
42.5873275, -122.8137123, 11
42.5873275, -122.8137123, 6
42.5873275, -122.8137123, 5
42.5873275, -122.8137123, 14
42.5873275, -122.8137123, 3
42.5873275, -122.8137123, 2
42.5873275, -122.8137123, 5
42.5873275, -122.8137123, 8
42.5873275, -122.8137123, 2
42.5873275, -122.8137123, 2
42.5873275, -122.8137123, 5
42.5873275, -122.8137123, 1
42.5873275, -122.8137123, 2
42.5873275, -122.8137123, 10
42.5873275, -122.8137123, 17
42.5873275, -122.8137123, 2
42.5873275, -122.8137123, 1
42.5873275, -122.8137123, 1
42.5873275, -122.8137123, 5
42.5873275, -122.8137123, 2
42.5873275, -122.8137123, 13
42.5873275, -122.8137123, 17
42.5873275, -122.8137123, 5
42.5873275, -122.8137123, 5
42.5873275, -122.8137123, 9
42.5873275, -122.8137123, 6
42.5873275, -122.8137123, 10
42.5873275, -122.8137123, 11
42.5873275, -122.8137123, 1
42.5873275, -122.8137123, 5
42.5873275, -122.8137123, 1
42.5873275, -122.8137123, 13
42.5873275, -122.8137123, 1
42.5873275, -122.8137123, 8
42.5873275, -122.8137123, 6
42.5873275, -122.8137123, 1
42.5873275, -122.8137123, 6
42.5873275, -122.8137123, 30
42.5873275, -122.8137123, 18
42.5873275, -122.8137123, 1
42.5873275, -122.8137123, 9
42.5873275, -122.8137123, 6
42.5873275, -122.8137123, 2
42.5873275, -122.8137123, 5
42.5873275, -122.8137123, 10
42.5873275, -122.8137123, 10
42.5873275, -122.8137123, 5
42.5873275, -122.8137123, 6
42.5873275, -122.8137123, 17
42.5873275, -122.8137123, 2
42.5872826, -122.8137741, 1
42.5872826, -122.8137741, 1
42.5872826, -122.8137741, 1
42.5872826, -122.8137741, 3
42.5872826, -122.8137741, 2
42.5872826, -122.8137741, 4
42.5872826, -122.8137741, 6
42.5872826, -122.8137741, 8
42.5872826, -122.8137741, 26
42.5872826, -122.8137741, 5
42.5872826, -122.8137741, 1
42.5872826, -122.8137741, 0
42.5872826, -122.8137741, 8
42.5872826, -122.8137741, 1
42.5872826, -122.8137741, 17
42.5872826, -122.8137741, 5
42.5872826, -122.8137741, 10
42.5872826, -122.8137741, 6
42.5872826, -122.8137741, 1
42.5872826, -122.8137741, 17
42.5872826, -122.8137741, 5
42.5872826, -122.8137741, 1
42.5872826, -122.8137741, 3
42.5872826, -122.8137741, 5
42.5872826, -122.8137741, 6
42.5872826, -122.8137741, 5
42.5872826, -122.8137741, 5
42.5872826, -122.8137741, 1
42.5872826, -122.8137741, 1
42.5872826, -122.8137741, 6
42.5872826, -122.8137741, 2
42.5872826, -122.8137741, 1
42.5872826, -122.8137741, 2
42.5872826, -122.8137741, 6
42.5872826, -122.8137741, 2
42.5872826, -122.8137741, 1
42.5872826, -122.8137741, 8
42.5872826, -122.8137741, 5
42.5872826, -122.8137741, 3
42.5872826, -122.8137741, 2
42.5872826, -122.8137741, 2
42.5872826, -122.8137741, 2
42.5872826, -122.8137741, 2
42.5872826, -122.8137741, 17
42.5872826, -122.8137741, 6
42.5872826, -122.8137741, 6
42.5872826, -122.8137741, 3
42.5872826, -122.8137741, 1
42.5872826, -122.8137741, 6
42.5872826, -122.8137741, 1
42.5872826, -122.8137741, 5
42.5872826, -122.8137741, 2
42.5872826, -122.8137741, 13
42.5872826, -122.8137741, 2
42.5872826, -122.8137741, 6
42.5872826, -122.8137741, 3
42.5872826, -122.8137741, 0
42.5872826, -122.8137741, 3
42.5872826, -122.8137741, 17
42.5872826, -122.8137741, 1
42.5872826, -122.8137741, 2
42.5872826, -122.8137741, 3
42.5872826, -122.8137741, 5
42.5872826, -122.8137741, 2
42.5872826, -122.8137741, 12
42.5872826, -122.8137741, 3
42.5872826, -122.8137741, 9
42.5872826, -122.8137741, 4
42.5872826, -122.8137741, 17
42.5872826, -122.8137741, 1
42.5872826, -122.8137741, 4
42.5872826, -122.8137741, 11
42.5872826, -122.8137741, 14
42.5872826, -122.8137741, 1
42.5872826, -122.8137741, 1
42.5872826, -122.8137741, 5
42.5872826, -122.8137741, 5
42.5872826, -122.8137741, 9
42.5872826, -122.8137741, 6
42.5872826, -122.8137741, 3
42.5872826, -122.8137741, 2
42.5872826, -122.8137741, 1
42.5872826, -122.8137741, 18
42.5872826, -122.8137741, 14
42.5872826, -122.8137741, 2
42.5872826, -122.8137741, 6
42.5872826, -122.8137741, 3
42.5872826, -122.8137741, 9
42.5872826, -122.8137741, 2
42.5872826, -122.8137741, 4
42.5872826, -122.8137741, 5
42.5872826, -122.8137741, 10
42.5872826, -122.8137741, 3
42.5872826, -122.8137741, 2
42.5872826, -122.8137741, 6
42.5872826, -122.8137741, 9
42.5872826, -122.8137741, 6
42.5872826, -122.8137741, 17
42.5872826, -122.8137741, 5
42.5872826, -122.8137741, 9
42.5872826, -122.8137741, 5
42.5872826, -122.8137741, 2
42.5872826, -122.8137741, 8
42.5872826, -122.8137741, 5
42.5872826, -122.8137741, 5
42.5872826, -122.8137741, 4
42.5872826, -122.8137741, 9
42.5872826, -122.8137741, 1
42.5872826, -122.8137741, 3
42.5872826, -122.8137741, 0
42.5872826, -122.8137741, 1
42.5872826, -122.8137741, 5
42.5872826, -122.8137741, 3
42.5872826, -122.8137741, 1
42.5872826, -122.8137741, 9
42.5872826, -122.8137741, 6
42.5872826, -122.8137741, 11
42.5872826, -122.8137741, 6
42.5872826, -122.8137741, 1
42.5872826, -122.8137741, 10
42.5872826, -122.8137741, 5
42.5872826, -122.8137741, 9
42.5872826, -122.8137741, 5
42.5872826, -122.8137741, 4
42.5872826, -122.8137741, 10
42.5872826, -122.8137741, 10
42.5872826, -122.8137741, 2
42.5872826, -122.8137741, 6
42.5872826, -122.8137741, 6
42.5872826, -122.8137741, 2
42.5872826, -122.8137741, 6
42.5872826, -122.8137741, 10
42.5872826, -122.8137741, 6
42.5872826, -122.8137741, 1
42.5872826, -122.8137741, 2
42.5872826, -122.8137741, 2
42.5872826, -122.8137741, 1
42.5872826, -122.8137741, 34
42.5872826, -122.8137741, 4
42.5872826, -122.8137741, 5
42.5872826, -122.8137741, 6
42.5872826, -122.8137741, 5
42.5872826, -122.8137741, 0
42.5872826, -122.8137741, 9
42.5872826, -122.8137741, 6
42.5872826, -122.8137741, 8
42.5872826, -122.8137741, 2
42.5872826, -122.8137741, 5
42.5872826, -122.8137741, 10
42.5872826, -122.8137741, 5
42.5872826, -122.8137741, 9
42.5872826, -122.8137741, 38
42.5872826, -122.8137741, 10
42.5872826, -122.8137741, 1
42.5872826, -122.8137741, 9
42.5872826, -122.8137741, 9
42.5872826, -122.8137741, 5
42.5872826, -122.8137741, 8
42.5872826, -122.8137741, 1
42.5872826, -122.8137741, 1
42.5872826, -122.8137741, 9
42.5872826, -122.8137741, 21
42.5872826, -122.8137741, 5
42.5872826, -122.8137741, 3
42.5872826, -122.8137741, 2
42.5872826, -122.8137741, 1
42.5872826, -122.8137741, 6
42.5872826, -122.8137741, 6
42.5872826, -122.8137741, 0
42.5872826, -122.8137741, 5
42.5872826, -122.8137741, 10
42.5872826, -122.8137741, 10
42.5872826, -122.8137741, 3
42.5872826, -122.8137741, 5
42.5872826, -122.8137741, 21
42.5872826, -122.8137741, 2
42.5872826, -122.8137741, 10
42.5872826, -122.8137741, 4
42.5872826, -122.8137741, 1
42.5872826, -122.8137741, 1
42.5872826, -122.8137741, 4
42.5872826, -122.8137741, 13
42.5872826, -122.8137741, 10
42.5872826, -122.8137741, 4
42.5872826, -122.8137741, 11
42.5872826, -122.8137741, 0
42.5872826, -122.8137741, 5
42.5872826, -122.8137741, 6
42.5872826, -122.8137741, 2
42.5872826, -122.8137741, 6
42.5872826, -122.8137741, 11
42.5872826, -122.8137741, 5
42.5872826, -122.8137741, 5
42.5872826, -122.8137741, 6
42.5872826, -122.8137741, 2
42.5872826, -122.8137741, 1
42.5872826, -122.8137741, 10
42.5872826, -122.8137741, 2
42.5872826, -122.8137741, 2
42.5872826, -122.8137741, 1
42.5872826, -122.8137741, 1
42.5872826, -122.8137741, 3
42.5872826, -122.8137741, 1
42.5872826, -122.8137741, 2
42.5872826, -122.8137741, 2
42.5872826, -122.8137741, 1
42.5872826, -122.8137741, 11
42.5872826, -122.8137741, 8
42.5872826, -122.8137741, 13
42.5872826, -122.8137741, 2
42.5872826, -122.8137741, 5
42.5872826, -122.8137741, 5
42.5872826, -122.8137741, 5
42.5872826, -122.8137741, 8
42.5872826, -122.8137741, 2
42.5872826, -122.8137741, 1
42.5872826, -122.8137741, 2
42.5872826, -122.8137741, 10
42.5872826, -122.8137741, 2
42.5872826, -122.8137741, 6
42.5872826, -122.8137741, 9
42.5872826, -122.8137741, 2
42.5872826, -122.8137741, 10
42.5872826, -122.8137741, 5
42.5872826, -122.8137741, 2
42.5872826, -122.8137741, 10
42.5872826, -122.8137741, 3
42.5872826, -122.8137741, 6
42.5872826, -122.8137741, 4
42.5872826, -122.8137741, 1
42.5872826, -122.8137741, 14
42.5872826, -122.8137741, 8
42.5872826, -122.8137741, 6
42.5872826, -122.8137741, 5
42.5872826, -122.8137741, 0
42.5872826, -122.8137741, 3
42.5872826, -122.8137741, 5
42.5872826, -122.8137741, 2
42.5872826, -122.8137741, 0
42.5872826, -122.8137741, 2
42.5872826, -122.8137741, 13
42.5872826, -122.8137741, 1
42.5872826, -122.8137741, 6
42.5872826, -122.8137741, 2
42.5872826, -122.8137741, 2
42.5872826, -122.8137741, 5
42.5872826, -122.8137741, 5
42.5872826, -122.8137741, 4
42.5872826, -122.8137741, 10
42.5872826, -122.8137741, 5
42.5872826, -122.8137741, 13
42.5872826, -122.8137741, 3
42.5872826, -122.8137741, 8
42.5872826, -122.8137741, 3
42.5872826, -122.8137741, 9
42.5872826, -122.8137741, 29
42.5872826, -122.8137741, 21
42.5872826, -122.8137741, 10
42.5872826, -122.8137741, 9
42.5872826, -122.8137741, 0
42.5872826, -122.8137741, 2
42.5872826, -122.8137741, 14
42.5872826, -122.8137741, 10
42.5872826, -122.8137741, 2
42.5872826, -122.8137741, 2
42.5872826, -122.8137741, 5
42.5872826, -122.8137741, 5
42.5872826, -122.8137741, 10
42.5872826, -122.8137741, 21
42.5872826, -122.8137741, 25
42.5872826, -122.8137741, 16
42.5872826, -122.8137741, 3
42.5872826, -122.8137741, 9
42.5872826, -122.8137741, 35
42.5872826, -122.8137741, 10
42.5872826, -122.8137741, 5
42.5872826, -122.8137741, 10
42.5872826, -122.8137741, 8
42.5872826, -122.8137741, 2
42.5872826, -122.8137741, 13
42.5872826, -122.8137741, 5
42.5872826, -122.8137741, 21
42.5872015, -122.8139481, 20
42.5872015, -122.8139481, 6
42.5872015, -122.8139481, 17
42.5872015, -122.8139481, 9
42.5872015, -122.8139481, 2
42.5872015, -122.8139481, 8
42.5872015, -122.8139481, 5
42.5872015, -122.8139481, 0
42.5872015, -122.8139481, 1
42.5872015, -122.8139481, 5
42.5872015, -122.8139481, 10
42.5872015, -122.8139481, 1
42.5872015, -122.8139481, 5
42.5872015, -122.8139481, 1
42.5872015, -122.8139481, 3
42.5871978, -122.8139574, 6
42.5871978, -122.8139574, 2
42.5871978, -122.8139574, 3
42.5871978, -122.8139574, 11
42.5871978, -122.8139574, 41
42.5871978, -122.8139574, 12
42.5871978, -122.8139574, 13
42.5871978, -122.8139574, 6
42.5871978, -122.8139574, 9
42.5871978, -122.8139574, 2
42.5871978, -122.8139574, 10
42.5871978, -122.8139574, 8
42.5871978, -122.8139574, 2
42.5871978, -122.8139574, 17
42.5871978, -122.8139574, 26
42.5871978, -122.8139574, 12
42.5871978, -122.8139574, 6
42.5871962, -122.8139705, 4
42.5871962, -122.8139705, 6
42.5871962, -122.8139705, 4
42.5871962, -122.8139705, 5
42.5871962, -122.8139705, 2
42.5871962, -122.8139705, 2
42.5871962, -122.8139705, 2
42.5871962, -122.8139705, 13
42.5871962, -122.8139705, 2
42.5871962, -122.8139705, 10
42.5871962, -122.8139705, 8
42.5871962, -122.8139705, 2
42.5871962, -122.8139705, 4
42.5871962, -122.8139705, 10
42.5871962, -122.8139705, 6
42.5871962, -122.8139705, 2
42.5871962, -122.8139705, 3
42.5871962, -122.8139705, 2
42.5871962, -122.8139705, 26
42.5871962, -122.8139705, 9
42.5871962, -122.8139705, 14
42.5871962, -122.8139705, 16
42.5871962, -122.8139705, 3
42.5871962, -122.8139705, 1
42.5871962, -122.8139705, 5
42.5871962, -122.8139705, 3
42.5871962, -122.8139705, 2
42.5871962, -122.8139705, 6
42.5871962, -122.8139705, 6
42.5871962, -122.8139705, 6
42.5871962, -122.8139705, 10
42.5871962, -122.8139705, 14
42.5871962, -122.8139705, 5
42.5871962, -122.8139705, 5
42.5871962, -122.8139705, 0
42.5871962, -122.8139705, 13
42.5871962, -122.8139705, 9
42.5871962, -122.8139705, 0
42.5871962, -122.8139705, 2
42.5871962, -122.8139705, 4
42.5871962, -122.8139705, 10
42.5871962, -122.8139705, 5
42.5871962, -122.8139705, 1
42.5871962, -122.8139705, 10
42.5871962, -122.8139705, 10
42.5871962, -122.8139705, 5
42.5871962, -122.8139705, 3
42.5871962, -122.8139705, 4
42.5871962, -122.8139705, 27
42.5871962, -122.8139705, 10
42.5871962, -122.8139705, 4
42.5871962, -122.8139705, 20
42.5871962, -122.8139705, 11
42.5871962, -122.8139705, 13
42.5871962, -122.8139705, 12
42.5871962, -122.8139705, 5
42.5871962, -122.8139705, 17
42.5871962, -122.8139705, 6
42.5871962, -122.8139705, 1
42.5871962, -122.8139705, 6
42.5871962, -122.8139705, 5
42.5871962, -122.8139705, 10
42.5871962, -122.8139705, 5
42.5871962, -122.8139705, 5
42.5871962, -122.8139705, 1
42.5871962, -122.8139705, 4
42.5871962, -122.8139705, 2
42.5871962, -122.8139705, 5
42.5871962, -122.8139705, 2
42.5871962, -122.8139705, 6
42.5871962, -122.8139705, 8
42.5871962, -122.8139705, 2
42.5871962, -122.8139705, 2
42.5871962, -122.8139705, 4
42.5871962, -122.8139705, 3
42.5871962, -122.8139705, 4
42.5871962, -122.8139705, 9
42.5871962, -122.8139705, 18
42.5871962, -122.8139705, 3
42.5871962, -122.8139705, 8
42.5871962, -122.8139705, 17
42.5871962, -122.8139705, 5
42.5871962, -122.8139705, 2
42.5871962, -122.8139705, 1
42.5871962, -122.8139705, 17
42.5871962, -122.8139705, 2
42.5871962, -122.8139705, 10
42.5871962, -122.8139705, 25
42.5871962, -122.8139705, 27
42.5871962, -122.8139705, 2
42.5871962, -122.8139705, 3
42.5871962, -122.8139705, 5
42.5871962, -122.8139705, 2
42.5871962, -122.8139705, 9
42.5871962, -122.8139705, 17
42.5871962, -122.8139705, 8
42.5871962, -122.8139705, 3
42.5871962, -122.8139705, 10
42.5871962, -122.8139705, 2
42.5871962, -122.8139705, 2
42.5871962, -122.8139705, 11
42.5871962, -122.8139705, 2
42.5871962, -122.8139705, 6
42.5871962, -122.8139705, 1
42.5871962, -122.8139705, 2
42.5871962, -122.8139705, 2
42.5871962, -122.8139705, 3
42.5871962, -122.8139705, 6
42.5871962, -122.8139705, 2
42.5871962, -122.8139705, 6
42.5871962, -122.8139705, 4
42.5871962, -122.8139705, 26
42.5871962, -122.8139705, 10
42.5871962, -122.8139705, 5
42.5871962, -122.8139705, 10
42.5871962, -122.8139705, 5
42.5871962, -122.8139705, 10
42.5871962, -122.8139705, 2
42.5871962, -122.8139705, 3
42.5871962, -122.8139705, 5
42.5871962, -122.8139705, 6
42.5871962, -122.8139705, 2
42.5871962, -122.8139705, 1
42.5871962, -122.8139705, 6
42.5871962, -122.8139705, 5
42.5871962, -122.8139705, 6
42.5871962, -122.8139705, 5
42.5871962, -122.8139705, 6
42.5871962, -122.8139705, 26
42.5871962, -122.8139705, 1
42.5871962, -122.8139705, 10
42.5871962, -122.8139705, 1
42.5871962, -122.8139705, 26
42.5871962, -122.8139705, 3
42.5871962, -122.8139705, 3
42.5871962, -122.8139705, 9
42.5871962, -122.8139705, 21
42.5871962, -122.8139705, 30
42.5871962, -122.8139705, 3
42.5871962, -122.8139705, 2
42.5871962, -122.8139705, 11
42.5871962, -122.8139705, 9
42.5871962, -122.8139705, 3
42.5871962, -122.8139705, 1
42.5871962, -122.8139705, 2
42.5871962, -122.8139705, 6
42.5871962, -122.8139705, 35
42.5871962, -122.8139705, 6
42.5871962, -122.8139705, 2
42.5871962, -122.8139705, 0
42.5871962, -122.8139705, 18
42.5871962, -122.8139705, 4
42.5871962, -122.8139705, 5
42.5871962, -122.8139705, 11
42.5871962, -122.8139705, 2
42.5871962, -122.8139705, 5
42.5871962, -122.8139705, 13
42.5871962, -122.8139705, 3
42.5871962, -122.8139705, 2
42.5871962, -122.8139705, 1
42.5871962, -122.8139705, 5
42.5871962, -122.8139705, 5
42.5871962, -122.8139705, 8
42.5871962, -122.8139705, 11
42.5871962, -122.8139705, 5
42.5871962, -122.8139705, 1
42.5871962, -122.8139705, 1
42.5871962, -122.8139705, 3
42.5871962, -122.8139705, 2
42.5871962, -122.8139705, 3
42.5871962, -122.8139705, 5
42.5871962, -122.8139705, 1
42.5871962, -122.8139705, 1
42.5871962, -122.8139705, 5
42.5871962, -122.8139705, 8
42.5871962, -122.8139705, 6
42.5871962, -122.8139705, 5
42.5871962, -122.8139705, 2
42.5871962, -122.8139705, 4
42.5871962, -122.8139705, 4
42.5871962, -122.8139705, 13
42.5871962, -122.8139705, 1
42.5871962, -122.8139705, 9
42.5871962, -122.8139705, 21
42.5871962, -122.8139705, 4
42.5871962, -122.8139705, 5
42.5871962, -122.8139705, 0
42.5871962, -122.8139705, 6
42.5871962, -122.8139705, 2
42.5871962, -122.8139705, 12
42.5871962, -122.8139705, 8
42.5871962, -122.8139705, 2
42.5871962, -122.8139705, 5
42.5871962, -122.8139705, 5
42.5871962, -122.8139705, 1
42.5871962, -122.8139705, 5
42.5871962, -122.8139705, 6
42.5871962, -122.8139705, 1
42.5871962, -122.8139705, 18
42.5871962, -122.8139705, 10
42.5871962, -122.8139705, 6
42.5871962, -122.8139705, 3
42.5871962, -122.8139705, 5
42.5871962, -122.8139705, 9
42.5871962, -122.8139705, 11
42.5871962, -122.8139705, 9
42.5871962, -122.8139705, 6
42.5871962, -122.8139705, 9
42.5871962, -122.8139705, 8
42.5871962, -122.8139705, 6
42.5871962, -122.8139705, 18
42.5871962, -122.8139705, 5
42.5871962, -122.8139705, 5
42.5871962, -122.8139705, 3
42.5871962, -122.8139705, 1
42.5871962, -122.8139705, 1
42.5871962, -122.8139705, 9
42.5871962, -122.8139705, 4
42.5871962, -122.8139705, 4
42.5871962, -122.8139705, 2
42.5871962, -122.8139705, 5
42.5871962, -122.8139705, 5
42.5871962, -122.8139705, 5
42.5871962, -122.8139705, 4
42.5871962, -122.8139705, 3
42.5871962, -122.8139705, 10
42.5871962, -122.8139705, 5
42.5871962, -122.8139705, 2
42.5871962, -122.8139705, 5
42.5871962, -122.8139705, 11
42.5871962, -122.8139705, 10
42.5871962, -122.8139705, 5
42.5871962, -122.8139705, 25
42.5871962, -122.8139705, 6
42.5871962, -122.8139705, 6
42.5871962, -122.8139705, 2
42.5871962, -122.8139705, 9
42.5871962, -122.8139705, 18
42.5871962, -122.8139705, 10
42.5871962, -122.8139705, 2
42.5871962, -122.8139705, 20
42.5871962, -122.8139705, 10
42.5871962, -122.8139705, 1
42.5871962, -122.8139705, 2
42.5871962, -122.8139705, 20
42.5871962, -122.8139705, 4
42.5871962, -122.8139705, 5
42.5871962, -122.8139705, 3
42.5871962, -122.8139705, 6
42.5871962, -122.8139705, 2
42.5871962, -122.8139705, 5
42.5871962, -122.8139705, 4
42.5871962, -122.8139705, 16
42.5871962, -122.8139705, 6
42.5871962, -122.8139705, 5
42.5871962, -122.8139705, 13
42.5871962, -122.8139705, 5
42.5871962, -122.8139705, 13
42.5871962, -122.8139705, 14
42.5871962, -122.8139705, 5
42.5871962, -122.8139705, 4
42.5871962, -122.8139705, 2
42.5871962, -122.8139705, 10
42.5871962, -122.8139705, 8
42.5871962, -122.8139705, 2
42.5871962, -122.8139705, 5
42.5871962, -122.8139705, 0
42.5871962, -122.8139705, 11
42.5871962, -122.8139705, 5
42.5871962, -122.8139705, 2
42.5871962, -122.8139705, 3
42.5871962, -122.8139705, 3
42.5871962, -122.8139705, 25
42.5871962, -122.8139705, 1
42.5871962, -122.8139705, 3
42.5871962, -122.8139705, 3
42.5871962, -122.8139705, 17
42.5871962, -122.8139705, 11
42.5871962, -122.8139705, 4
42.5871962, -122.8139705, 10
42.5871962, -122.8139705, 1
42.5871962, -122.8139705, 5
42.5871962, -122.8139705, 10
42.5871962, -122.8139705, 5
42.5871962, -122.8139705, 25
42.5871962, -122.8139705, 2
42.5871962, -122.8139705, 9
42.5871962, -122.8139705, 20
42.5871962, -122.8139705, 9
42.5871962, -122.8139705, 17
42.5871962, -122.8139705, 17
42.5871962, -122.8139705, 1
42.5871962, -122.8139705, 11
42.5871962, -122.8139705, 5
42.5871962, -122.8139705, 5
42.5871962, -122.8139705, 0
42.5871962, -122.8139705, 8
42.5871962, -122.8139705, 10
42.5871962, -122.8139705, 2
42.5871962, -122.8139705, 10
42.5871962, -122.8139705, 11
42.5871962, -122.8139705, 1
42.5871962, -122.8139705, 10
42.5871962, -122.8139705, 16
42.5871962, -122.8139705, 6
42.5871962, -122.8139705, 1
42.5871962, -122.8139705, 6
42.5871962, -122.8139705, 18
42.5871962, -122.8139705, 8
42.5871962, -122.8139705, 2
42.5871962, -122.8139705, 18
42.5871962, -122.8139705, 5
42.5871962, -122.8139705, 6
42.5871962, -122.8139705, 5
42.5871962, -122.8139705, 5
42.5871962, -122.8139705, 5
42.5871962, -122.8139705, 3
42.5871962, -122.8139705, 5
42.5871962, -122.8139705, 5
42.5871962, -122.8139705, 2
42.5871962, -122.8139705, 2
42.5871962, -122.8139705, 2
42.5871962, -122.8139705, 5
42.5871962, -122.8139705, 18
42.5871962, -122.8139705, 9
42.5871962, -122.8139705, 14
42.5871962, -122.8139705, 2
42.5871962, -122.8139705, 11
42.5871962, -122.8139705, 9
42.5871962, -122.8139705, 6
42.5871962, -122.8139705, 9
42.5871962, -122.8139705, 17
42.5871962, -122.8139705, 1
42.5871962, -122.8139705, 1
42.5871962, -122.8139705, 10
42.5871962, -122.8139705, 9
42.5871962, -122.8139705, 5
42.5871962, -122.8139705, 26
42.5871962, -122.8139705, 10
42.5871962, -122.8139705, 5
42.5871962, -122.8139705, 5
42.5871962, -122.8139705, 17
42.5871962, -122.8139705, 5
42.5871962, -122.8139705, 2
42.5871962, -122.8139705, 9
42.5871962, -122.8139705, 1
42.5871962, -122.8139705, 26
42.5871962, -122.8139705, 10
42.5871962, -122.8139705, 8
42.5871962, -122.8139705, 10
42.5871962, -122.8139705, 6
42.5871962, -122.8139705, 6
42.5871962, -122.8139705, 21
42.5871962, -122.8139705, 18
42.5871962, -122.8139705, 6
42.5871962, -122.8139705, 5
42.5871962, -122.8139705, 6
42.5871962, -122.8139705, 25
42.5871962, -122.8139705, 14
42.5871962, -122.8139705, 24
42.5871962, -122.8139705, 11
42.5871962, -122.8139705, 2
42.5871962, -122.8139705, 3
42.5871962, -122.8139705, 9
42.5871962, -122.8139705, 2
42.5871962, -122.8139705, 9
42.5871962, -122.8139705, 6
42.5871962, -122.8139705, 20
42.5871962, -122.8139705, 8
42.5871962, -122.8139705, 20
42.5871962, -122.8139705, 1
42.5871962, -122.8139705, 1
42.5871962, -122.8139705, 18
42.5871962, -122.8139705, 6
42.5871962, -122.8139705, 9
42.5871962, -122.8139705, 3
42.5871962, -122.8139705, 5
42.5871962, -122.8139705, 5
42.5871962, -122.8139705, 5
42.5871962, -122.8139705, 5
42.5871962, -122.8139705, 5
42.5871962, -122.8139705, 3
42.5871962, -122.8139705, 5
42.5871962, -122.8139705, 10
42.5871962, -122.8139705, 2
42.5871962, -122.8139705, 2
42.5871962, -122.8139705, 13
42.5871962, -122.8139705, 3
42.5871962, -122.8139705, 1
42.5871962, -122.8139705, 0
42.5871962, -122.8139705, 9
42.5871962, -122.8139705, 17
42.5871962, -122.8139705, 3
42.5871962, -122.8139705, 2
42.5871962, -122.8139705, 1
42.5871962, -122.8139705, 3
42.5871962, -122.8139705, 0
42.5871962, -122.8139705, 11
42.5871962, -122.8139705, 3
42.5871962, -122.8139705, 4
42.5871962, -122.8139705, 6
42.5871962, -122.8139705, 1
42.5871962, -122.8139705, 2
42.5871962, -122.8139705, 34
42.5871962, -122.8139705, 1
42.5871962, -122.8139705, 5
42.5871962, -122.8139705, 2
42.5871962, -122.8139705, 14
42.5871962, -122.8139705, 4
42.5871962, -122.8139705, 30
42.5871962, -122.8139705, 3
42.5871962, -122.8139705, 9
42.5871962, -122.8139705, 1
42.5871962, -122.8139705, 6
42.5871962, -122.8139705, 6
42.5871962, -122.8139705, 9
42.5871962, -122.8139705, 10
42.5871962, -122.8139705, 5
42.5871962, -122.8139705, 13
42.5871962, -122.8139705, 18
42.5871962, -122.8139705, 18
42.5871962, -122.8139705, 11
42.5871962, -122.8139705, 3
42.5871962, -122.8139705, 5
42.5871962, -122.8139705, 5
42.5871962, -122.8139705, 30
42.5871962, -122.8139705, 9
42.5871962, -122.8139705, 5
42.5871962, -122.8139705, 2
42.5871962, -122.8139705, 26
42.5871962, -122.8139705, 38
42.5871962, -122.8139705, 8
42.5871962, -122.8139705, 2
42.5871962, -122.8139705, 11
42.5871962, -122.8139705, 5
42.5871962, -122.8139705, 11
42.5871962, -122.8139705, 2
42.5871962, -122.8139705, 17
42.5871962, -122.8139705, 21
42.5871962, -122.8139705, 5
42.5871962, -122.8139705, 1
42.5871962, -122.8139705, 4
42.5873534, -122.8138834, 1
42.5873534, -122.8138834, 3
42.5873534, -122.8138834, 6
42.5873534, -122.8138834, 3
42.5873534, -122.8138834, 1
42.5873534, -122.8138834, 5
42.5873534, -122.8138834, 5
42.5873534, -122.8138834, 6
42.5873534, -122.8138834, 5
42.5873534, -122.8138834, 10
42.5873534, -122.8138834, 5
42.5873534, -122.8138834, 5
42.5873534, -122.8138834, 6
42.5873557, -122.8138691, 30
42.5873557, -122.8138691, 10
42.5873557, -122.8138691, 2
42.5873557, -122.8138691, 6
42.5873557, -122.8138691, 1
42.5873557, -122.8138691, 6
42.5873557, -122.8138691, 6
42.5873557, -122.8138691, 14
42.5873557, -122.8138691, 11
42.5873557, -122.8138691, 13
42.5873557, -122.8138691, 20
42.5873557, -122.8138691, 9
42.5873557, -122.8138691, 17
42.5873557, -122.8138691, 5
42.5873557, -122.8138691, 1
42.5873557, -122.8138691, 1
42.5873557, -122.8138691, 3
42.5873558, -122.8138543, 18
42.5873558, -122.8138543, 6
42.5873558, -122.8138543, 2
42.5873558, -122.8138543, 11
42.5873558, -122.8138543, 1
42.5873558, -122.8138543, 19
42.5873558, -122.8138543, 1
42.5873558, -122.8138543, 5
42.5873558, -122.8138543, 2
42.5873558, -122.8138543, 18
42.5873558, -122.8138543, 6
42.5873558, -122.8138543, 6
42.5873558, -122.8138543, 13
42.5873558, -122.8138543, 20
42.5873558, -122.8138543, 5
42.5873558, -122.8138543, 1
42.5873558, -122.8138543, 4
42.5873535, -122.8138397, 8
42.5873535, -122.8138397, 10
42.5873535, -122.8138397, 8
42.5873535, -122.8138397, 1
42.5873535, -122.8138397, 4
42.5873535, -122.8138397, 6
42.5873535, -122.8138397, 5
42.5873535, -122.8138397, 8
42.5873535, -122.8138397, 5
42.5873535, -122.8138397, 6
42.5873535, -122.8138397, 5
42.5873535, -122.8138397, 13
42.5873535, -122.8138397, 9
42.5873535, -122.8138397, 1
42.5873535, -122.8138397, 13
42.5873535, -122.8138397, 3
42.5873535, -122.8138397, 5
42.5873535, -122.8138397, 5
42.5873535, -122.8138397, 2
42.5873535, -122.8138397, 5
42.5873535, -122.8138397, 13
42.5873535, -122.8138397, 6
42.5873535, -122.8138397, 6
42.5873535, -122.8138397, 2
42.5873535, -122.8138397, 6
42.5873535, -122.8138397, 2
42.5873535, -122.8138397, 8
42.5873535, -122.8138397, 2
42.5873535, -122.8138397, 6
42.5873535, -122.8138397, 2
42.5873535, -122.8138397, 14
42.5873535, -122.8138397, 0
42.5873535, -122.8138397, 13
42.5873535, -122.8138397, 2
42.5873535, -122.8138397, 9
42.5873535, -122.8138397, 9
42.5873535, -122.8138397, 8
42.5873535, -122.8138397, 6
42.5873535, -122.8138397, 19
42.5873535, -122.8138397, 14
42.5873535, -122.8138397, 6
42.5873535, -122.8138397, 9
42.5873535, -122.8138397, 8
42.5873535, -122.8138397, 2
42.5873535, -122.8138397, 10
42.5873535, -122.8138397, 13
42.5873535, -122.8138397, 10
42.5873535, -122.8138397, 9
42.5873535, -122.8138397, 4
42.5873535, -122.8138397, 1
42.5873535, -122.8138397, 6
42.5873535, -122.8138397, 5
42.5873535, -122.8138397, 5
42.5873535, -122.8138397, 1
42.5873535, -122.8138397, 10
42.5873535, -122.8138397, 6
42.5873535, -122.8138397, 18
42.5873535, -122.8138397, 2
42.5873535, -122.8138397, 1
42.5873535, -122.8138397, 14
42.5873535, -122.8138397, 17
42.5873535, -122.8138397, 10
42.5873535, -122.8138397, 3
42.5873535, -122.8138397, 3
42.5873535, -122.8138397, 9
42.5873535, -122.8138397, 17
42.5873535, -122.8138397, 3
42.5873535, -122.8138397, 5
42.5873535, -122.8138397, 4
42.5873535, -122.8138397, 6
42.5873535, -122.8138397, 6
42.5873535, -122.8138397, 3
42.5873535, -122.8138397, 6
42.5873535, -122.8138397, 9
42.5873535, -122.8138397, 14
42.5873535, -122.8138397, 17
42.5873535, -122.8138397, 29
42.5873535, -122.8138397, 9
42.5873535, -122.8138397, 6
42.5873535, -122.8138397, 5
42.5873535, -122.8138397, 5
42.5873535, -122.8138397, 2
42.5873535, -122.8138397, 5
42.5873535, -122.8138397, 0
42.5873535, -122.8138397, 5
42.5873535, -122.8138397, 2
42.5873535, -122.8138397, 2
42.5873535, -122.8138397, 6
42.5873429, -122.8137664, 38
42.5873429, -122.8137664, 2
42.5873429, -122.8137664, 9
42.5873429, -122.8137664, 14
42.5873429, -122.8137664, 19
42.5873429, -122.8137664, 6
42.5873429, -122.8137664, 5
42.5873429, -122.8137664, 18
42.5873429, -122.8137664, 6
42.5873429, -122.8137664, 6
42.5873429, -122.8137664, 3
42.5873429, -122.8137664, 3
42.5873429, -122.8137664, 1
42.5873429, -122.8137664, 1
42.5873429, -122.8137664, 9
42.5873429, -122.8137664, 2
42.5873429, -122.8137664, 8
42.5873423, -122.8137518, 10
42.5873423, -122.8137518, 6
42.5873423, -122.8137518, 13
42.5873423, -122.8137518, 1
42.5873423, -122.8137518, 13
42.5873423, -122.8137518, 9
42.5873423, -122.8137518, 2
42.5873423, -122.8137518, 10
42.5873423, -122.8137518, 27
42.5873423, -122.8137518, 25
42.5873423, -122.8137518, 3
42.5873423, -122.8137518, 8
42.5873423, -122.8137518, 5
42.5873423, -122.8137518, 11
42.5873423, -122.8137518, 1
42.5873423, -122.8137518, 2
42.5873423, -122.8137518, 11
42.5873423, -122.8137518, 5
42.5873423, -122.8137518, 2
42.5873423, -122.8137518, 5
42.5873423, -122.8137518, 6
42.5873423, -122.8137518, 3
42.5873423, -122.8137518, 9
42.5873423, -122.8137518, 1
42.5873423, -122.8137518, 5
42.5873423, -122.8137518, 2
42.5873423, -122.8137518, 6
42.5873423, -122.8137518, 6
42.5873423, -122.8137518, 6
42.5873423, -122.8137518, 12
42.5873423, -122.8137518, 14
42.5873423, -122.8137518, 19
42.5873423, -122.8137518, 5
42.5873423, -122.8137518, 10
42.5873423, -122.8137518, 6
42.5873423, -122.8137518, 6
42.5873423, -122.8137518, 6
42.5873423, -122.8137518, 1
42.5873423, -122.8137518, 3
42.5873423, -122.8137518, 5
42.5873423, -122.8137518, 6
42.5873423, -122.8137518, 18
42.5873423, -122.8137518, 10
42.5873423, -122.8137518, 2
42.5873423, -122.8137518, 2
42.5873423, -122.8137518, 2
42.5873423, -122.8137518, 5
42.5873423, -122.8137518, 5
42.5873423, -122.8137518, 9
42.5873423, -122.8137518, 4
42.5873423, -122.8137518, 1
42.5873423, -122.8137518, 5
42.5873423, -122.8137518, 10
42.5873423, -122.8137518, 9
42.5873423, -122.8137518, 11
42.5873423, -122.8137518, 10
42.5873423, -122.8137518, 30
42.5873423, -122.8137518, 10
42.5873423, -122.8137518, 9
42.5873423, -122.8137518, 14
42.5873423, -122.8137518, 3
42.5873423, -122.8137518, 5
42.5873423, -122.8137518, 9
42.5873423, -122.8137518, 2
42.5873423, -122.8137518, 2
42.5873423, -122.8137518, 14
42.5873423, -122.8137518, 34
42.5873423, -122.8137518, 27
42.5873423, -122.8137518, 9
42.5873423, -122.8137518, 5
42.5873423, -122.8137518, 40
42.5873423, -122.8137518, 5
42.5873423, -122.8137518, 2
42.5873423, -122.8137518, 1
42.5873423, -122.8137518, 11
42.5873423, -122.8137518, 3
42.5873423, -122.8137518, 6
42.5873423, -122.8137518, 1
42.5873423, -122.8137518, 4
42.5873423, -122.8137518, 10
42.5873423, -122.8137518, 1
42.5873423, -122.8137518, 25
42.5873423, -122.8137518, 5
42.5873423, -122.8137518, 20
42.5873423, -122.8137518, 2
42.5873423, -122.8137518, 12
42.5873423, -122.8137518, 6
42.5873423, -122.8137518, 5
42.5873423, -122.8137518, 2
42.5873423, -122.8137518, 3
42.5873423, -122.8137518, 5
42.5873423, -122.8137518, 5
42.5873423, -122.8137518, 1
42.5873423, -122.8137518, 2
42.5873423, -122.8137518, 9
42.5873423, -122.8137518, 5
42.5873423, -122.8137518, 5
42.5873423, -122.8137518, 6
42.5873423, -122.8137518, 5
42.5873423, -122.8137518, 13
42.5873423, -122.8137518, 9
42.5873423, -122.8137518, 2
42.5873423, -122.8137518, 6
42.5873423, -122.8137518, 11
42.5873423, -122.8137518, 2
42.5873423, -122.8137518, 3
42.5873423, -122.8137518, 9
42.5873423, -122.8137518, 6
42.5873423, -122.8137518, 2
42.5873423, -122.8137518, 13
42.5873423, -122.8137518, 1
42.5873423, -122.8137518, 1
42.5873423, -122.8137518, 2
42.5873423, -122.8137518, 2
42.5873423, -122.8137518, 5
42.5873423, -122.8137518, 5
42.5873423, -122.8137518, 26
42.5873423, -122.8137518, 2
42.5873423, -122.8137518, 17
42.5873423, -122.8137518, 3
42.5873423, -122.8137518, 2
42.5873423, -122.8137518, 2
42.5873423, -122.8137518, 3
42.5873423, -122.8137518, 3
42.5873423, -122.8137518, 1
42.5873423, -122.8137518, 4
42.5873423, -122.8137518, 5
42.5873423, -122.8137518, 11
42.5873423, -122.8137518, 3
42.5873423, -122.8137518, 8
42.5873423, -122.8137518, 5
42.5873423, -122.8137518, 18
42.5873423, -122.8137518, 5
42.5873423, -122.8137518, 5
42.5873423, -122.8137518, 5
42.5873423, -122.8137518, 0
42.5873423, -122.8137518, 1
42.5873423, -122.8137518, 3
42.5873423, -122.8137518, 3
42.5873423, -122.8137518, 2
42.5873423, -122.8137518, 4
42.5873423, -122.8137518, 2
42.5873423, -122.8137518, 11
42.5873423, -122.8137518, 5
42.5873423, -122.8137518, 2
42.5873423, -122.8137518, 1
42.5873423, -122.8137518, 5
42.5873423, -122.8137518, 14
42.5873423, -122.8137518, 2
42.5873423, -122.8137518, 6
42.5873423, -122.8137518, 2
42.5873423, -122.8137518, 17
42.5873423, -122.8137518, 2
42.5873423, -122.8137518, 5
42.5873423, -122.8137518, 17
42.5873423, -122.8137518, 1
42.5873423, -122.8137518, 10
42.5873423, -122.8137518, 14
42.5873423, -122.8137518, 11
42.5873423, -122.8137518, 17
42.5873423, -122.8137518, 17
42.5873423, -122.8137518, 10
42.5873423, -122.8137518, 5
42.5873423, -122.8137518, 5
42.5873423, -122.8137518, 0
42.5873423, -122.8137518, 5
42.5873423, -122.8137518, 2
42.5873423, -122.8137518, 1
42.5873423, -122.8137518, 4
42.5873423, -122.8137518, 2
42.5873423, -122.8137518, 2
42.5873423, -122.8137518, 4
42.5873423, -122.8137518, 5
42.5873423, -122.8137518, 9
42.5873423, -122.8137518, 6
42.5873423, -122.8137518, 1
42.5873423, -122.8137518, 2
42.5873423, -122.8137518, 5
42.5873423, -122.8137518, 3
42.5873423, -122.8137518, 10
42.5873423, -122.8137518, 18
42.5873423, -122.8137518, 2
42.5873423, -122.8137518, 2
42.5873423, -122.8137518, 9
42.5873423, -122.8137518, 13
42.5873423, -122.8137518, 10
42.5873423, -122.8137518, 1
42.5873423, -122.8137518, 0
42.5873423, -122.8137518, 2
42.5873423, -122.8137518, 1
42.5873423, -122.8137518, 3
42.5873423, -122.8137518, 3
42.5873423, -122.8137518, 1
42.5873423, -122.8137518, 2
42.5873423, -122.8137518, 1
42.5873423, -122.8137518, 8
42.5873423, -122.8137518, 0
42.5873423, -122.8137518, 2
42.5873423, -122.8137518, 2
42.5873423, -122.8137518, 4
42.5873423, -122.8137518, 11
42.5873423, -122.8137518, 17
42.5873423, -122.8137518, 20
42.5873423, -122.8137518, 1
42.5873423, -122.8137518, 8
42.5873423, -122.8137518, 3
42.5873423, -122.8137518, 2
42.5873423, -122.8137518, 1
42.5873423, -122.8137518, 10
42.5873423, -122.8137518, 1
42.5873423, -122.8137518, 5
42.5873423, -122.8137518, 3
42.5873423, -122.8137518, 4
42.5873423, -122.8137518, 2
42.5873423, -122.8137518, 10
42.5873423, -122.8137518, 2
42.5873423, -122.8137518, 2
42.5873423, -122.8137518, 27
42.5873423, -122.8137518, 3
42.5873423, -122.8137518, 6
42.5873423, -122.8137518, 11
42.5873423, -122.8137518, 2
42.5873423, -122.8137518, 2
42.5873423, -122.8137518, 4
42.5873423, -122.8137518, 0
42.5873423, -122.8137518, 6
42.5873423, -122.8137518, 12
42.5873423, -122.8137518, 4
42.5873423, -122.8137518, 6
42.5873423, -122.8137518, 4
42.5873423, -122.8137518, 9
42.5873423, -122.8137518, 5
42.5873423, -122.8137518, 10
42.5873423, -122.8137518, 0
42.5873423, -122.8137518, 5
42.5873423, -122.8137518, 5
42.5873423, -122.8137518, 14
42.5873423, -122.8137518, 6
42.5873423, -122.8137518, 6
42.5873423, -122.8137518, 2
42.5873423, -122.8137518, 21
42.5873423, -122.8137518, 17
42.5873423, -122.8137518, 19
42.5873423, -122.8137518, 9
42.5873423, -122.8137518, 19
42.5873423, -122.8137518, 20
42.5873423, -122.8137518, 5
42.5873423, -122.8137518, 30
42.5873423, -122.8137518, 10
42.5873423, -122.8137518, 1
42.5873423, -122.8137518, 2
42.5873423, -122.8137518, 50
42.5873423, -122.8137518, 6
42.5873423, -122.8137518, 13
42.5873423, -122.8137518, 6
42.5873423, -122.8137518, 10
42.5873423, -122.8137518, 10
42.5873423, -122.8137518, 3
42.5873423, -122.8137518, 5
42.5873423, -122.8137518, 26
42.5873423, -122.8137518, 9
42.5873423, -122.8137518, 1
42.5873423, -122.8137518, 9
42.5873423, -122.8137518, 3
42.5873423, -122.8137518, 6
42.5873423, -122.8137518, 1
42.5873423, -122.8137518, 13
42.5873423, -122.8137518, 13
42.5873423, -122.8137518, 14
42.5873423, -122.8137518, 5
42.5873423, -122.8137518, 17
42.5873423, -122.8137518, 2
42.5873423, -122.8137518, 2
42.5873423, -122.8137518, 1
42.5873423, -122.8137518, 5
42.5873423, -122.8137518, 0
42.5873423, -122.8137518, 5
42.5873423, -122.8137518, 1
42.5873423, -122.8137518, 3
42.5873423, -122.8137518, 3
